{
 "cells": [
  {
   "cell_type": "code",
   "execution_count": null,
   "metadata": {
    "collapsed": true
   },
   "outputs": [],
   "source": [
    "import pandas as pd\n",
    "import numpy as np\n",
    "import itertools"
   ]
  },
  {
   "cell_type": "code",
   "execution_count": 299,
   "metadata": {
    "collapsed": false
   },
   "outputs": [],
   "source": [
    "\n",
    "\n",
    "reader3 = pd.read_csv('NBS_Tests_3_K4/consensus_cluster_assign/hard_cc_assignment.csv',sep=',',index_col='Unnamed: 0')\n",
    "n_samp_25 = list(reader3['K_4'])\n",
    "\n",
    "reader2 = pd.read_csv('NBS_Tests_2_K4/consensus_cluster_assign/hard_cc_assignment.csv',sep=',',index_col='Unnamed: 0')\n",
    "n_samp_50 = list(reader2['K_4'])\n",
    "\n",
    "reader1 = pd.read_csv('NBS_Tests_1_K4/consensus_cluster_assign/hard_cc_assignment.csv',sep=',')\n",
    "n_samp_100 = list(reader1['K_4'])"
   ]
  },
  {
   "cell_type": "code",
   "execution_count": 358,
   "metadata": {
    "collapsed": false
   },
   "outputs": [],
   "source": [
    "from sklearn.metrics.cluster import adjusted_rand_score\n",
    "comp1 = adjusted_rand_score(n_samp_100, n_samp_25)\n",
    "comp2 = adjusted_rand_score(n_samp_100,n_samp_50)\n",
    "control = adjusted_rand_score(n_samp_100,n_samp_100)\n",
    "#print comp1\n",
    "#print comp2\n",
    "#print control\n",
    "#print n_samp_100\n",
    "\n"
   ]
  },
  {
   "cell_type": "code",
   "execution_count": 93,
   "metadata": {
    "collapsed": true
   },
   "outputs": [],
   "source": [
    "import os"
   ]
  },
  {
   "cell_type": "code",
   "execution_count": 180,
   "metadata": {
    "collapsed": true
   },
   "outputs": [],
   "source": [
    "wd = \"/cellar/users/jkhuang/Data/Projects/NBS/Results/\"\n",
    "owd = \"/cellar/users/vrwong/Documents/Network_Project/\""
   ]
  },
  {
   "cell_type": "code",
   "execution_count": 182,
   "metadata": {
    "collapsed": false,
    "scrolled": false
   },
   "outputs": [
    {
     "name": "stdout",
     "output_type": "stream",
     "text": [
      "['Original Assignment', 'MultiNet']\n",
      "['Original Assignment', 'MultiNet', 'HN90']\n",
      "['Original Assignment', 'MultiNet', 'HN90', 'STRING']\n",
      "['Original Assignment', 'MultiNet', 'HN90', 'STRING', 'DIP']\n",
      "['Original Assignment', 'MultiNet', 'HN90', 'STRING', 'DIP', 'KEGG']\n",
      "['Original Assignment', 'MultiNet', 'HN90', 'STRING', 'DIP', 'KEGG', 'BIND']\n",
      "['Original Assignment', 'MultiNet', 'HN90', 'STRING', 'DIP', 'KEGG', 'BIND', 'HPRD']\n",
      "['Original Assignment', 'MultiNet', 'HN90', 'STRING', 'DIP', 'KEGG', 'BIND', 'HPRD', 'HINT']\n",
      "['Original Assignment', 'MultiNet', 'HN90', 'STRING', 'DIP', 'KEGG', 'BIND', 'HPRD', 'HINT', 'BioGRID']\n",
      "['Original Assignment', 'MultiNet', 'HN90', 'STRING', 'DIP', 'KEGG', 'BIND', 'HPRD', 'HINT', 'BioGRID', 'PathwayCommons']\n",
      "['Original Assignment', 'MultiNet', 'HN90', 'STRING', 'DIP', 'KEGG', 'BIND', 'HPRD', 'HINT', 'BioGRID', 'PathwayCommons', 'Reactome-FIs']\n",
      "['Original Assignment', 'MultiNet', 'HN90', 'STRING', 'DIP', 'KEGG', 'BIND', 'HPRD', 'HINT', 'BioGRID', 'PathwayCommons', 'Reactome-FIs', 'GeneMANIA']\n",
      "['Original Assignment', 'MultiNet', 'HN90', 'STRING', 'DIP', 'KEGG', 'BIND', 'HPRD', 'HINT', 'BioGRID', 'PathwayCommons', 'Reactome-FIs', 'GeneMANIA', 'IntAct']\n",
      "['Original Assignment', 'MultiNet', 'HN90', 'STRING', 'DIP', 'KEGG', 'BIND', 'HPRD', 'HINT', 'BioGRID', 'PathwayCommons', 'Reactome-FIs', 'GeneMANIA', 'IntAct', 'iRefIndex']\n",
      "['Original Assignment', 'MultiNet', 'HN90', 'STRING', 'DIP', 'KEGG', 'BIND', 'HPRD', 'HINT', 'BioGRID', 'PathwayCommons', 'Reactome-FIs', 'GeneMANIA', 'IntAct', 'iRefIndex', 'Reactome']\n",
      "['Original Assignment', 'MultiNet', 'HN90', 'STRING', 'DIP', 'KEGG', 'BIND', 'HPRD', 'HINT', 'BioGRID', 'PathwayCommons', 'Reactome-FIs', 'GeneMANIA', 'IntAct', 'iRefIndex', 'Reactome', 'HumanNet']\n",
      "['Original Assignment', 'MultiNet', 'HN90', 'STRING', 'DIP', 'KEGG', 'BIND', 'HPRD', 'HINT', 'BioGRID', 'PathwayCommons', 'Reactome-FIs', 'GeneMANIA', 'IntAct', 'iRefIndex', 'Reactome', 'HumanNet', 'ConsensusPathDB']\n"
     ]
    }
   ],
   "source": [
    "network_names = ['Original Assignment']\n",
    "for fn in os.listdir(wd):\n",
    "    if os.path.isdir(wd+fn):\n",
    "        network_names.append(fn.split('_')[0])\n",
    "        print network_names"
   ]
  },
  {
   "cell_type": "code",
   "execution_count": 439,
   "metadata": {
    "collapsed": false
   },
   "outputs": [
    {
     "name": "stdout",
     "output_type": "stream",
     "text": [
      "['GeneMANIA']\n",
      "['GeneMANIA', 'iRefIndex']\n",
      "['GeneMANIA', 'iRefIndex', 'MultiNet']\n",
      "['GeneMANIA', 'iRefIndex', 'MultiNet', 'BioGRID']\n",
      "['GeneMANIA', 'iRefIndex', 'MultiNet', 'BioGRID', 'STRING']\n",
      "['GeneMANIA', 'iRefIndex', 'MultiNet', 'BioGRID', 'STRING', 'PathwayCommons']\n",
      "['GeneMANIA', 'iRefIndex', 'MultiNet', 'BioGRID', 'STRING', 'PathwayCommons', 'ConsensusPathDB']\n",
      "['GeneMANIA', 'iRefIndex', 'MultiNet', 'BioGRID', 'STRING', 'PathwayCommons', 'ConsensusPathDB', 'KEGG']\n",
      "['GeneMANIA', 'iRefIndex', 'MultiNet', 'BioGRID', 'STRING', 'PathwayCommons', 'ConsensusPathDB', 'KEGG', 'BIND']\n",
      "['GeneMANIA', 'iRefIndex', 'MultiNet', 'BioGRID', 'STRING', 'PathwayCommons', 'ConsensusPathDB', 'KEGG', 'BIND', 'Reactome-FIs']\n",
      "['GeneMANIA', 'iRefIndex', 'MultiNet', 'BioGRID', 'STRING', 'PathwayCommons', 'ConsensusPathDB', 'KEGG', 'BIND', 'Reactome-FIs', 'HPRD']\n",
      "['GeneMANIA', 'iRefIndex', 'MultiNet', 'BioGRID', 'STRING', 'PathwayCommons', 'ConsensusPathDB', 'KEGG', 'BIND', 'Reactome-FIs', 'HPRD', 'HN90']\n",
      "['GeneMANIA', 'iRefIndex', 'MultiNet', 'BioGRID', 'STRING', 'PathwayCommons', 'ConsensusPathDB', 'KEGG', 'BIND', 'Reactome-FIs', 'HPRD', 'HN90', 'IntAct']\n",
      "['GeneMANIA', 'iRefIndex', 'MultiNet', 'BioGRID', 'STRING', 'PathwayCommons', 'ConsensusPathDB', 'KEGG', 'BIND', 'Reactome-FIs', 'HPRD', 'HN90', 'IntAct', 'NBSPaper']\n",
      "['GeneMANIA', 'iRefIndex', 'MultiNet', 'BioGRID', 'STRING', 'PathwayCommons', 'ConsensusPathDB', 'KEGG', 'BIND', 'Reactome-FIs', 'HPRD', 'HN90', 'IntAct', 'NBSPaper', 'HINT']\n",
      "['GeneMANIA', 'iRefIndex', 'MultiNet', 'BioGRID', 'STRING', 'PathwayCommons', 'ConsensusPathDB', 'KEGG', 'BIND', 'Reactome-FIs', 'HPRD', 'HN90', 'IntAct', 'NBSPaper', 'HINT', 'HumanNet']\n"
     ]
    }
   ],
   "source": [
    "network_names = []\n",
    "for fn in os.listdir(owd):\n",
    "    if os.path.isdir(owd+fn):\n",
    "        network_names.append(fn.split('_')[0])\n",
    "        print network_names"
   ]
  },
  {
   "cell_type": "code",
   "execution_count": 483,
   "metadata": {
    "collapsed": false,
    "scrolled": false
   },
   "outputs": [],
   "source": [
    "network_names = sorted(network_names)\n",
    "dest1 = '/cellar/users/vrwong/Documents/Network_Project/'\n",
    "#'/cellar/users/vrwong/Documents/Network_Project/BIND_OV_NBS_0.6prop/consensus_cluster_assign'\n",
    "hard_dest2 = '_OV_NBS_0.6prop/consensus_cluster_assign/hard_cc_assignment.csv'\n",
    "euclid_dest2 = '_OV_NBS_0.6prop/consensus_cluster_assign/euclid_cc_assignment.csv'\n",
    "corr_dest2 ='_OV_NBS_0.6prop/consensus_cluster_assign/corr_cc_assignment.csv'\n",
    "hard_clust = []\n",
    "euclid_clust = []\n",
    "corr_clust = []\n",
    "hard_list = []\n",
    "for nm in network_names: \n",
    "    reader_hard = pd.read_csv(dest1+nm+hard_dest2,sep=',', index_col=0, names = [nm + '_Hard'], skiprows = 1)\n",
    "    hard_clust.append(reader_hard)\n",
    "   \n",
    "    reader_euclid = pd.read_csv(dest1+nm+euclid_dest2,sep=',',index_col=0,names = [nm + '_Euclid'], skiprows = 1)\n",
    "    euclid_clust.append(reader_euclid)\n",
    "    \n",
    "    reader_corr = pd.read_csv(dest1+nm+corr_dest2,sep=',',index_col=0,names = [nm + '_Corr'], skiprows = 1)  \n",
    "    corr_clust.append(reader_corr)\n",
    "\n"
   ]
  },
  {
   "cell_type": "code",
   "execution_count": 423,
   "metadata": {
    "collapsed": true
   },
   "outputs": [],
   "source": [
    "# paper_read = pd.read_csv('/cellar/users/vrwong/Documents/NBSPaperNumbers/NBSPaperNumbers.csv',sep=',',index_col=0,names =['NBSPaperNumbers'], skiprows = 1)\n",
    "\n",
    "# hard_clust.append(paper_read)\n",
    "# euclid_clust.append(paper_read)\n",
    "# corr_clust.append(paper_read)"
   ]
  },
  {
   "cell_type": "code",
   "execution_count": 480,
   "metadata": {
    "collapsed": false,
    "scrolled": true
   },
   "outputs": [],
   "source": [
    "hard_clust_final = pd.concat(hard_clust,axis=1)\n",
    "euclid_clust_final = pd.concat(euclid_clust,axis=1)\n",
    "corr_clust_final = pd.concat(corr_clust,axis=1)\n"
   ]
  },
  {
   "cell_type": "code",
   "execution_count": 489,
   "metadata": {
    "collapsed": false,
    "scrolled": true
   },
   "outputs": [
    {
     "ename": "ValueError",
     "evalue": "cannot convert float NaN to integer",
     "output_type": "error",
     "traceback": [
      "\u001b[1;31m---------------------------------------------------------------------------\u001b[0m",
      "\u001b[1;31mValueError\u001b[0m                                Traceback (most recent call last)",
      "\u001b[1;32m<ipython-input-489-50eab02f3889>\u001b[0m in \u001b[0;36m<module>\u001b[1;34m()\u001b[0m\n\u001b[1;32m----> 1\u001b[1;33m \u001b[1;33m[\u001b[0m\u001b[0mint\u001b[0m\u001b[1;33m(\u001b[0m\u001b[0mval\u001b[0m\u001b[1;33m)\u001b[0m \u001b[1;32mfor\u001b[0m \u001b[0mval\u001b[0m \u001b[1;32min\u001b[0m \u001b[0mhard_clust_final\u001b[0m\u001b[1;33m[\u001b[0m\u001b[1;34m'NBSPaper_Hard'\u001b[0m\u001b[1;33m]\u001b[0m \u001b[1;32mif\u001b[0m \u001b[0mval\u001b[0m\u001b[1;33m!=\u001b[0m\u001b[0mnp\u001b[0m\u001b[1;33m.\u001b[0m\u001b[0mnan\u001b[0m\u001b[1;33m]\u001b[0m\u001b[1;33m\u001b[0m\u001b[0m\n\u001b[0m",
      "\u001b[1;31mValueError\u001b[0m: cannot convert float NaN to integer"
     ]
    }
   ],
   "source": [
    "[int(val) for val in hard_clust_final['NBSPaper_Hard'] if val!=np.nan]"
   ]
  },
  {
   "cell_type": "code",
   "execution_count": 478,
   "metadata": {
    "collapsed": false
   },
   "outputs": [
    {
     "data": {
      "text/html": [
       "<div>\n",
       "<table border=\"1\" class=\"dataframe\">\n",
       "  <thead>\n",
       "    <tr style=\"text-align: right;\">\n",
       "      <th></th>\n",
       "      <th>BIND_Euclid</th>\n",
       "    </tr>\n",
       "  </thead>\n",
       "  <tbody>\n",
       "    <tr>\n",
       "      <th>TCGA-04-1331</th>\n",
       "      <td>4</td>\n",
       "    </tr>\n",
       "    <tr>\n",
       "      <th>TCGA-04-1332</th>\n",
       "      <td>4</td>\n",
       "    </tr>\n",
       "    <tr>\n",
       "      <th>TCGA-04-1336</th>\n",
       "      <td>2</td>\n",
       "    </tr>\n",
       "    <tr>\n",
       "      <th>TCGA-04-1342</th>\n",
       "      <td>1</td>\n",
       "    </tr>\n",
       "    <tr>\n",
       "      <th>TCGA-04-1343</th>\n",
       "      <td>4</td>\n",
       "    </tr>\n",
       "  </tbody>\n",
       "</table>\n",
       "</div>"
      ],
      "text/plain": [
       "              BIND_Euclid\n",
       "TCGA-04-1331            4\n",
       "TCGA-04-1332            4\n",
       "TCGA-04-1336            2\n",
       "TCGA-04-1342            1\n",
       "TCGA-04-1343            4"
      ]
     },
     "execution_count": 478,
     "metadata": {},
     "output_type": "execute_result"
    }
   ],
   "source": [
    "euclid_clust_final.head()"
   ]
  },
  {
   "cell_type": "code",
   "execution_count": 510,
   "metadata": {
    "collapsed": false,
    "scrolled": true
   },
   "outputs": [],
   "source": [
    "corr_rand = pd.DataFrame(index = network_names, columns=network_names)\n",
    "euclid_rand = pd.DataFrame(index = network_names, columns=network_names)\n",
    "hard_rand = pd.DataFrame(index = network_names, columns=network_names)\n",
    "\n",
    "\n",
    "pairs = list(itertools.combinations_with_replacement(network_names,2))\n",
    "for pair in pairs:\n",
    "    x = list(hard_clust_final[pair[0]+'_Hard'])\n",
    "    y = list(hard_clust_final[pair[1]+'_Hard'])\n",
    "    z = adjusted_rand_score(x,y)\n",
    "    hard_rand[pair[0]][pair[1]] = z\n",
    "    hard_rand[pair[1]][pair[0]] = z\n",
    "\n",
    "for pair in pairs:\n",
    "    p = list(euclid_clust_final[pair[0]+'_Euclid'])\n",
    "    q = list(euclid_clust_final[pair[1]+'_Euclid'])\n",
    "    r = adjusted_rand_score(p,q)\n",
    "    euclid_rand[pair[0]][pair[1]] = r\n",
    "    euclid_rand[pair[1]][pair[0]] = r\n",
    "    \n",
    "\n",
    "for pair in pairs:\n",
    "    u = list(corr_clust_final[pair[0]+'_Corr'])\n",
    "    v = list(corr_clust_final[pair[1]+'_Corr'])\n",
    "    w = adjusted_rand_score(u,v)\n",
    "    corr_rand[pair[0]][pair[1]] = w\n",
    "    corr_rand[pair[1]][pair[0]] = w"
   ]
  },
  {
   "cell_type": "code",
   "execution_count": 517,
   "metadata": {
    "collapsed": false
   },
   "outputs": [],
   "source": [
    "corr_rand.to_csv('corr_rand.csv')\n",
    "hard_rand.to_csv('hard_rand.csv')\n",
    "euclid_rand.to_csv('euclid_rand.csv')\n"
   ]
  },
  {
   "cell_type": "code",
   "execution_count": 530,
   "metadata": {
    "collapsed": false
   },
   "outputs": [
    {
     "data": {
      "text/html": [
       "<div>\n",
       "<table border=\"1\" class=\"dataframe\">\n",
       "  <thead>\n",
       "    <tr style=\"text-align: right;\">\n",
       "      <th></th>\n",
       "      <th>BIND</th>\n",
       "      <th>BioGRID</th>\n",
       "      <th>ConsensusPathDB</th>\n",
       "      <th>GeneMANIA</th>\n",
       "      <th>HINT</th>\n",
       "      <th>HN90</th>\n",
       "      <th>HPRD</th>\n",
       "      <th>HumanNet</th>\n",
       "      <th>IntAct</th>\n",
       "      <th>KEGG</th>\n",
       "      <th>MultiNet</th>\n",
       "      <th>NBSPaper</th>\n",
       "      <th>PathwayCommons</th>\n",
       "      <th>Reactome-FIs</th>\n",
       "      <th>STRING</th>\n",
       "      <th>iRefIndex</th>\n",
       "    </tr>\n",
       "  </thead>\n",
       "  <tbody>\n",
       "    <tr>\n",
       "      <th>BIND</th>\n",
       "      <td>1.000000</td>\n",
       "      <td>0.075628</td>\n",
       "      <td>0.063921</td>\n",
       "      <td>-0.011259</td>\n",
       "      <td>0.528991</td>\n",
       "      <td>0.624098</td>\n",
       "      <td>0.534300</td>\n",
       "      <td>0.152258</td>\n",
       "      <td>0.085298</td>\n",
       "      <td>-0.030925</td>\n",
       "      <td>0.081256</td>\n",
       "      <td>0.496062</td>\n",
       "      <td>0.068918</td>\n",
       "      <td>0.080500</td>\n",
       "      <td>0.038764</td>\n",
       "      <td>0.521353</td>\n",
       "    </tr>\n",
       "    <tr>\n",
       "      <th>BioGRID</th>\n",
       "      <td>0.075628</td>\n",
       "      <td>1.000000</td>\n",
       "      <td>0.276726</td>\n",
       "      <td>-0.014550</td>\n",
       "      <td>0.356159</td>\n",
       "      <td>0.033885</td>\n",
       "      <td>0.003376</td>\n",
       "      <td>0.206259</td>\n",
       "      <td>0.833733</td>\n",
       "      <td>-0.039880</td>\n",
       "      <td>0.674379</td>\n",
       "      <td>0.042589</td>\n",
       "      <td>0.244945</td>\n",
       "      <td>0.395823</td>\n",
       "      <td>0.026517</td>\n",
       "      <td>0.364669</td>\n",
       "    </tr>\n",
       "    <tr>\n",
       "      <th>ConsensusPathDB</th>\n",
       "      <td>0.063921</td>\n",
       "      <td>0.276726</td>\n",
       "      <td>1.000000</td>\n",
       "      <td>-0.015626</td>\n",
       "      <td>0.064292</td>\n",
       "      <td>0.078713</td>\n",
       "      <td>0.041298</td>\n",
       "      <td>0.341399</td>\n",
       "      <td>0.347355</td>\n",
       "      <td>-0.032434</td>\n",
       "      <td>0.210024</td>\n",
       "      <td>0.073851</td>\n",
       "      <td>0.535109</td>\n",
       "      <td>0.439070</td>\n",
       "      <td>-0.020183</td>\n",
       "      <td>0.064768</td>\n",
       "    </tr>\n",
       "    <tr>\n",
       "      <th>GeneMANIA</th>\n",
       "      <td>-0.011259</td>\n",
       "      <td>-0.014550</td>\n",
       "      <td>-0.015626</td>\n",
       "      <td>1.000000</td>\n",
       "      <td>-0.010275</td>\n",
       "      <td>0.005373</td>\n",
       "      <td>-0.012418</td>\n",
       "      <td>-0.015666</td>\n",
       "      <td>-0.014663</td>\n",
       "      <td>-0.015584</td>\n",
       "      <td>-0.013921</td>\n",
       "      <td>0.003104</td>\n",
       "      <td>-0.015414</td>\n",
       "      <td>-0.015805</td>\n",
       "      <td>-0.010445</td>\n",
       "      <td>-0.010322</td>\n",
       "    </tr>\n",
       "    <tr>\n",
       "      <th>HINT</th>\n",
       "      <td>0.528991</td>\n",
       "      <td>0.356159</td>\n",
       "      <td>0.064292</td>\n",
       "      <td>-0.010275</td>\n",
       "      <td>1.000000</td>\n",
       "      <td>0.530032</td>\n",
       "      <td>0.441468</td>\n",
       "      <td>0.123759</td>\n",
       "      <td>0.383905</td>\n",
       "      <td>-0.023893</td>\n",
       "      <td>0.356305</td>\n",
       "      <td>0.439345</td>\n",
       "      <td>0.054431</td>\n",
       "      <td>0.112462</td>\n",
       "      <td>-0.004866</td>\n",
       "      <td>0.967155</td>\n",
       "    </tr>\n",
       "    <tr>\n",
       "      <th>HN90</th>\n",
       "      <td>0.624098</td>\n",
       "      <td>0.033885</td>\n",
       "      <td>0.078713</td>\n",
       "      <td>0.005373</td>\n",
       "      <td>0.530032</td>\n",
       "      <td>1.000000</td>\n",
       "      <td>0.620483</td>\n",
       "      <td>0.203382</td>\n",
       "      <td>0.036031</td>\n",
       "      <td>-0.015330</td>\n",
       "      <td>0.100183</td>\n",
       "      <td>0.806590</td>\n",
       "      <td>0.078068</td>\n",
       "      <td>0.039359</td>\n",
       "      <td>-0.016067</td>\n",
       "      <td>0.523381</td>\n",
       "    </tr>\n",
       "    <tr>\n",
       "      <th>HPRD</th>\n",
       "      <td>0.534300</td>\n",
       "      <td>0.003376</td>\n",
       "      <td>0.041298</td>\n",
       "      <td>-0.012418</td>\n",
       "      <td>0.441468</td>\n",
       "      <td>0.620483</td>\n",
       "      <td>1.000000</td>\n",
       "      <td>0.219726</td>\n",
       "      <td>-0.003905</td>\n",
       "      <td>0.021180</td>\n",
       "      <td>0.168504</td>\n",
       "      <td>0.490835</td>\n",
       "      <td>0.089361</td>\n",
       "      <td>0.102208</td>\n",
       "      <td>-0.016449</td>\n",
       "      <td>0.435008</td>\n",
       "    </tr>\n",
       "    <tr>\n",
       "      <th>HumanNet</th>\n",
       "      <td>0.152258</td>\n",
       "      <td>0.206259</td>\n",
       "      <td>0.341399</td>\n",
       "      <td>-0.015666</td>\n",
       "      <td>0.123759</td>\n",
       "      <td>0.203382</td>\n",
       "      <td>0.219726</td>\n",
       "      <td>1.000000</td>\n",
       "      <td>0.224112</td>\n",
       "      <td>-0.025239</td>\n",
       "      <td>0.198164</td>\n",
       "      <td>0.147009</td>\n",
       "      <td>0.468812</td>\n",
       "      <td>0.458679</td>\n",
       "      <td>-0.020394</td>\n",
       "      <td>0.125088</td>\n",
       "    </tr>\n",
       "    <tr>\n",
       "      <th>IntAct</th>\n",
       "      <td>0.085298</td>\n",
       "      <td>0.833733</td>\n",
       "      <td>0.347355</td>\n",
       "      <td>-0.014663</td>\n",
       "      <td>0.383905</td>\n",
       "      <td>0.036031</td>\n",
       "      <td>-0.003905</td>\n",
       "      <td>0.224112</td>\n",
       "      <td>1.000000</td>\n",
       "      <td>-0.052390</td>\n",
       "      <td>0.696573</td>\n",
       "      <td>0.045080</td>\n",
       "      <td>0.314263</td>\n",
       "      <td>0.490616</td>\n",
       "      <td>0.007749</td>\n",
       "      <td>0.384022</td>\n",
       "    </tr>\n",
       "    <tr>\n",
       "      <th>KEGG</th>\n",
       "      <td>-0.030925</td>\n",
       "      <td>-0.039880</td>\n",
       "      <td>-0.032434</td>\n",
       "      <td>-0.015584</td>\n",
       "      <td>-0.023893</td>\n",
       "      <td>-0.015330</td>\n",
       "      <td>0.021180</td>\n",
       "      <td>-0.025239</td>\n",
       "      <td>-0.052390</td>\n",
       "      <td>1.000000</td>\n",
       "      <td>-0.006259</td>\n",
       "      <td>0.001449</td>\n",
       "      <td>-0.046749</td>\n",
       "      <td>-0.019913</td>\n",
       "      <td>-0.020380</td>\n",
       "      <td>-0.023059</td>\n",
       "    </tr>\n",
       "    <tr>\n",
       "      <th>MultiNet</th>\n",
       "      <td>0.081256</td>\n",
       "      <td>0.674379</td>\n",
       "      <td>0.210024</td>\n",
       "      <td>-0.013921</td>\n",
       "      <td>0.356305</td>\n",
       "      <td>0.100183</td>\n",
       "      <td>0.168504</td>\n",
       "      <td>0.198164</td>\n",
       "      <td>0.696573</td>\n",
       "      <td>-0.006259</td>\n",
       "      <td>1.000000</td>\n",
       "      <td>0.096722</td>\n",
       "      <td>0.188097</td>\n",
       "      <td>0.310802</td>\n",
       "      <td>-0.001395</td>\n",
       "      <td>0.364984</td>\n",
       "    </tr>\n",
       "    <tr>\n",
       "      <th>NBSPaper</th>\n",
       "      <td>0.496062</td>\n",
       "      <td>0.042589</td>\n",
       "      <td>0.073851</td>\n",
       "      <td>0.003104</td>\n",
       "      <td>0.439345</td>\n",
       "      <td>0.806590</td>\n",
       "      <td>0.490835</td>\n",
       "      <td>0.147009</td>\n",
       "      <td>0.045080</td>\n",
       "      <td>0.001449</td>\n",
       "      <td>0.096722</td>\n",
       "      <td>1.000000</td>\n",
       "      <td>0.076797</td>\n",
       "      <td>0.048807</td>\n",
       "      <td>-0.016944</td>\n",
       "      <td>0.426620</td>\n",
       "    </tr>\n",
       "    <tr>\n",
       "      <th>PathwayCommons</th>\n",
       "      <td>0.068918</td>\n",
       "      <td>0.244945</td>\n",
       "      <td>0.535109</td>\n",
       "      <td>-0.015414</td>\n",
       "      <td>0.054431</td>\n",
       "      <td>0.078068</td>\n",
       "      <td>0.089361</td>\n",
       "      <td>0.468812</td>\n",
       "      <td>0.314263</td>\n",
       "      <td>-0.046749</td>\n",
       "      <td>0.188097</td>\n",
       "      <td>0.076797</td>\n",
       "      <td>1.000000</td>\n",
       "      <td>0.501007</td>\n",
       "      <td>-0.019757</td>\n",
       "      <td>0.055674</td>\n",
       "    </tr>\n",
       "    <tr>\n",
       "      <th>Reactome-FIs</th>\n",
       "      <td>0.080500</td>\n",
       "      <td>0.395823</td>\n",
       "      <td>0.439070</td>\n",
       "      <td>-0.015805</td>\n",
       "      <td>0.112462</td>\n",
       "      <td>0.039359</td>\n",
       "      <td>0.102208</td>\n",
       "      <td>0.458679</td>\n",
       "      <td>0.490616</td>\n",
       "      <td>-0.019913</td>\n",
       "      <td>0.310802</td>\n",
       "      <td>0.048807</td>\n",
       "      <td>0.501007</td>\n",
       "      <td>1.000000</td>\n",
       "      <td>-0.020547</td>\n",
       "      <td>0.114509</td>\n",
       "    </tr>\n",
       "    <tr>\n",
       "      <th>STRING</th>\n",
       "      <td>0.038764</td>\n",
       "      <td>0.026517</td>\n",
       "      <td>-0.020183</td>\n",
       "      <td>-0.010445</td>\n",
       "      <td>-0.004866</td>\n",
       "      <td>-0.016067</td>\n",
       "      <td>-0.016449</td>\n",
       "      <td>-0.020394</td>\n",
       "      <td>0.007749</td>\n",
       "      <td>-0.020380</td>\n",
       "      <td>-0.001395</td>\n",
       "      <td>-0.016944</td>\n",
       "      <td>-0.019757</td>\n",
       "      <td>-0.020547</td>\n",
       "      <td>1.000000</td>\n",
       "      <td>-0.004822</td>\n",
       "    </tr>\n",
       "    <tr>\n",
       "      <th>iRefIndex</th>\n",
       "      <td>0.521353</td>\n",
       "      <td>0.364669</td>\n",
       "      <td>0.064768</td>\n",
       "      <td>-0.010322</td>\n",
       "      <td>0.967155</td>\n",
       "      <td>0.523381</td>\n",
       "      <td>0.435008</td>\n",
       "      <td>0.125088</td>\n",
       "      <td>0.384022</td>\n",
       "      <td>-0.023059</td>\n",
       "      <td>0.364984</td>\n",
       "      <td>0.426620</td>\n",
       "      <td>0.055674</td>\n",
       "      <td>0.114509</td>\n",
       "      <td>-0.004822</td>\n",
       "      <td>1.000000</td>\n",
       "    </tr>\n",
       "  </tbody>\n",
       "</table>\n",
       "</div>"
      ],
      "text/plain": [
       "                     BIND   BioGRID  ConsensusPathDB  GeneMANIA      HINT  \\\n",
       "BIND             1.000000  0.075628         0.063921  -0.011259  0.528991   \n",
       "BioGRID          0.075628  1.000000         0.276726  -0.014550  0.356159   \n",
       "ConsensusPathDB  0.063921  0.276726         1.000000  -0.015626  0.064292   \n",
       "GeneMANIA       -0.011259 -0.014550        -0.015626   1.000000 -0.010275   \n",
       "HINT             0.528991  0.356159         0.064292  -0.010275  1.000000   \n",
       "HN90             0.624098  0.033885         0.078713   0.005373  0.530032   \n",
       "HPRD             0.534300  0.003376         0.041298  -0.012418  0.441468   \n",
       "HumanNet         0.152258  0.206259         0.341399  -0.015666  0.123759   \n",
       "IntAct           0.085298  0.833733         0.347355  -0.014663  0.383905   \n",
       "KEGG            -0.030925 -0.039880        -0.032434  -0.015584 -0.023893   \n",
       "MultiNet         0.081256  0.674379         0.210024  -0.013921  0.356305   \n",
       "NBSPaper         0.496062  0.042589         0.073851   0.003104  0.439345   \n",
       "PathwayCommons   0.068918  0.244945         0.535109  -0.015414  0.054431   \n",
       "Reactome-FIs     0.080500  0.395823         0.439070  -0.015805  0.112462   \n",
       "STRING           0.038764  0.026517        -0.020183  -0.010445 -0.004866   \n",
       "iRefIndex        0.521353  0.364669         0.064768  -0.010322  0.967155   \n",
       "\n",
       "                     HN90      HPRD  HumanNet    IntAct      KEGG  MultiNet  \\\n",
       "BIND             0.624098  0.534300  0.152258  0.085298 -0.030925  0.081256   \n",
       "BioGRID          0.033885  0.003376  0.206259  0.833733 -0.039880  0.674379   \n",
       "ConsensusPathDB  0.078713  0.041298  0.341399  0.347355 -0.032434  0.210024   \n",
       "GeneMANIA        0.005373 -0.012418 -0.015666 -0.014663 -0.015584 -0.013921   \n",
       "HINT             0.530032  0.441468  0.123759  0.383905 -0.023893  0.356305   \n",
       "HN90             1.000000  0.620483  0.203382  0.036031 -0.015330  0.100183   \n",
       "HPRD             0.620483  1.000000  0.219726 -0.003905  0.021180  0.168504   \n",
       "HumanNet         0.203382  0.219726  1.000000  0.224112 -0.025239  0.198164   \n",
       "IntAct           0.036031 -0.003905  0.224112  1.000000 -0.052390  0.696573   \n",
       "KEGG            -0.015330  0.021180 -0.025239 -0.052390  1.000000 -0.006259   \n",
       "MultiNet         0.100183  0.168504  0.198164  0.696573 -0.006259  1.000000   \n",
       "NBSPaper         0.806590  0.490835  0.147009  0.045080  0.001449  0.096722   \n",
       "PathwayCommons   0.078068  0.089361  0.468812  0.314263 -0.046749  0.188097   \n",
       "Reactome-FIs     0.039359  0.102208  0.458679  0.490616 -0.019913  0.310802   \n",
       "STRING          -0.016067 -0.016449 -0.020394  0.007749 -0.020380 -0.001395   \n",
       "iRefIndex        0.523381  0.435008  0.125088  0.384022 -0.023059  0.364984   \n",
       "\n",
       "                 NBSPaper  PathwayCommons  Reactome-FIs    STRING  iRefIndex  \n",
       "BIND             0.496062        0.068918      0.080500  0.038764   0.521353  \n",
       "BioGRID          0.042589        0.244945      0.395823  0.026517   0.364669  \n",
       "ConsensusPathDB  0.073851        0.535109      0.439070 -0.020183   0.064768  \n",
       "GeneMANIA        0.003104       -0.015414     -0.015805 -0.010445  -0.010322  \n",
       "HINT             0.439345        0.054431      0.112462 -0.004866   0.967155  \n",
       "HN90             0.806590        0.078068      0.039359 -0.016067   0.523381  \n",
       "HPRD             0.490835        0.089361      0.102208 -0.016449   0.435008  \n",
       "HumanNet         0.147009        0.468812      0.458679 -0.020394   0.125088  \n",
       "IntAct           0.045080        0.314263      0.490616  0.007749   0.384022  \n",
       "KEGG             0.001449       -0.046749     -0.019913 -0.020380  -0.023059  \n",
       "MultiNet         0.096722        0.188097      0.310802 -0.001395   0.364984  \n",
       "NBSPaper         1.000000        0.076797      0.048807 -0.016944   0.426620  \n",
       "PathwayCommons   0.076797        1.000000      0.501007 -0.019757   0.055674  \n",
       "Reactome-FIs     0.048807        0.501007      1.000000 -0.020547   0.114509  \n",
       "STRING          -0.016944       -0.019757     -0.020547  1.000000  -0.004822  \n",
       "iRefIndex        0.426620        0.055674      0.114509 -0.004822   1.000000  "
      ]
     },
     "execution_count": 530,
     "metadata": {},
     "output_type": "execute_result"
    }
   ],
   "source": [
    "corr_rand"
   ]
  },
  {
   "cell_type": "code",
   "execution_count": 519,
   "metadata": {
    "collapsed": false
   },
   "outputs": [
    {
     "data": {
      "text/html": [
       "<div>\n",
       "<table border=\"1\" class=\"dataframe\">\n",
       "  <thead>\n",
       "    <tr style=\"text-align: right;\">\n",
       "      <th></th>\n",
       "      <th>BIND</th>\n",
       "      <th>BioGRID</th>\n",
       "      <th>ConsensusPathDB</th>\n",
       "      <th>GeneMANIA</th>\n",
       "      <th>HINT</th>\n",
       "      <th>HN90</th>\n",
       "      <th>HPRD</th>\n",
       "      <th>HumanNet</th>\n",
       "      <th>IntAct</th>\n",
       "      <th>KEGG</th>\n",
       "      <th>MultiNet</th>\n",
       "      <th>NBSPaper</th>\n",
       "      <th>PathwayCommons</th>\n",
       "      <th>Reactome-FIs</th>\n",
       "      <th>STRING</th>\n",
       "      <th>iRefIndex</th>\n",
       "    </tr>\n",
       "  </thead>\n",
       "  <tbody>\n",
       "    <tr>\n",
       "      <th>BIND</th>\n",
       "      <td>1</td>\n",
       "      <td>0.154032</td>\n",
       "      <td>0.120436</td>\n",
       "      <td>-0.0113508</td>\n",
       "      <td>0.352705</td>\n",
       "      <td>0.483925</td>\n",
       "      <td>0.501346</td>\n",
       "      <td>0.237802</td>\n",
       "      <td>0.19361</td>\n",
       "      <td>-0.0124435</td>\n",
       "      <td>0.162239</td>\n",
       "      <td>0.502217</td>\n",
       "      <td>0.0641799</td>\n",
       "      <td>0.24785</td>\n",
       "      <td>0.0405209</td>\n",
       "      <td>0.228638</td>\n",
       "    </tr>\n",
       "    <tr>\n",
       "      <th>BioGRID</th>\n",
       "      <td>0.154032</td>\n",
       "      <td>1</td>\n",
       "      <td>0.331168</td>\n",
       "      <td>-0.0141308</td>\n",
       "      <td>0.479479</td>\n",
       "      <td>0.0198583</td>\n",
       "      <td>0.116172</td>\n",
       "      <td>0.309308</td>\n",
       "      <td>0.804323</td>\n",
       "      <td>-0.0410199</td>\n",
       "      <td>0.727824</td>\n",
       "      <td>0.0983581</td>\n",
       "      <td>0.191646</td>\n",
       "      <td>0.308801</td>\n",
       "      <td>0.0197537</td>\n",
       "      <td>0.633308</td>\n",
       "    </tr>\n",
       "    <tr>\n",
       "      <th>ConsensusPathDB</th>\n",
       "      <td>0.120436</td>\n",
       "      <td>0.331168</td>\n",
       "      <td>1</td>\n",
       "      <td>-0.0156491</td>\n",
       "      <td>0.096693</td>\n",
       "      <td>0.0662027</td>\n",
       "      <td>0.11677</td>\n",
       "      <td>0.408059</td>\n",
       "      <td>0.280017</td>\n",
       "      <td>-0.0400851</td>\n",
       "      <td>0.233718</td>\n",
       "      <td>0.107189</td>\n",
       "      <td>0.429416</td>\n",
       "      <td>0.548429</td>\n",
       "      <td>0.0496642</td>\n",
       "      <td>0.164404</td>\n",
       "    </tr>\n",
       "    <tr>\n",
       "      <th>GeneMANIA</th>\n",
       "      <td>-0.0113508</td>\n",
       "      <td>-0.0141308</td>\n",
       "      <td>-0.0156491</td>\n",
       "      <td>1</td>\n",
       "      <td>-0.0112017</td>\n",
       "      <td>-8.9186e-05</td>\n",
       "      <td>-0.0127411</td>\n",
       "      <td>-0.0154241</td>\n",
       "      <td>-0.0140382</td>\n",
       "      <td>-0.0154969</td>\n",
       "      <td>-0.0139066</td>\n",
       "      <td>0.00310409</td>\n",
       "      <td>-0.0155519</td>\n",
       "      <td>-0.0153041</td>\n",
       "      <td>-0.0104453</td>\n",
       "      <td>-0.0128591</td>\n",
       "    </tr>\n",
       "    <tr>\n",
       "      <th>HINT</th>\n",
       "      <td>0.352705</td>\n",
       "      <td>0.479479</td>\n",
       "      <td>0.096693</td>\n",
       "      <td>-0.0112017</td>\n",
       "      <td>1</td>\n",
       "      <td>0.194305</td>\n",
       "      <td>0.291829</td>\n",
       "      <td>0.23807</td>\n",
       "      <td>0.534078</td>\n",
       "      <td>-0.0335136</td>\n",
       "      <td>0.459856</td>\n",
       "      <td>0.32931</td>\n",
       "      <td>0.0743903</td>\n",
       "      <td>0.180524</td>\n",
       "      <td>-0.00552573</td>\n",
       "      <td>0.706059</td>\n",
       "    </tr>\n",
       "    <tr>\n",
       "      <th>HN90</th>\n",
       "      <td>0.483925</td>\n",
       "      <td>0.0198583</td>\n",
       "      <td>0.0662027</td>\n",
       "      <td>-8.9186e-05</td>\n",
       "      <td>0.194305</td>\n",
       "      <td>1</td>\n",
       "      <td>0.357809</td>\n",
       "      <td>0.16218</td>\n",
       "      <td>0.0614598</td>\n",
       "      <td>0.00382648</td>\n",
       "      <td>0.0546501</td>\n",
       "      <td>0.509989</td>\n",
       "      <td>0.0424104</td>\n",
       "      <td>0.151202</td>\n",
       "      <td>0.0101108</td>\n",
       "      <td>0.0966294</td>\n",
       "    </tr>\n",
       "    <tr>\n",
       "      <th>HPRD</th>\n",
       "      <td>0.501346</td>\n",
       "      <td>0.116172</td>\n",
       "      <td>0.11677</td>\n",
       "      <td>-0.0127411</td>\n",
       "      <td>0.291829</td>\n",
       "      <td>0.357809</td>\n",
       "      <td>1</td>\n",
       "      <td>0.354611</td>\n",
       "      <td>0.144903</td>\n",
       "      <td>0.00673166</td>\n",
       "      <td>0.274703</td>\n",
       "      <td>0.472785</td>\n",
       "      <td>0.110416</td>\n",
       "      <td>0.275721</td>\n",
       "      <td>-0.0168713</td>\n",
       "      <td>0.196954</td>\n",
       "    </tr>\n",
       "    <tr>\n",
       "      <th>HumanNet</th>\n",
       "      <td>0.237802</td>\n",
       "      <td>0.309308</td>\n",
       "      <td>0.408059</td>\n",
       "      <td>-0.0154241</td>\n",
       "      <td>0.23807</td>\n",
       "      <td>0.16218</td>\n",
       "      <td>0.354611</td>\n",
       "      <td>1</td>\n",
       "      <td>0.430896</td>\n",
       "      <td>-0.0612709</td>\n",
       "      <td>0.32455</td>\n",
       "      <td>0.220715</td>\n",
       "      <td>0.402096</td>\n",
       "      <td>0.654131</td>\n",
       "      <td>-0.0202439</td>\n",
       "      <td>0.297296</td>\n",
       "    </tr>\n",
       "    <tr>\n",
       "      <th>IntAct</th>\n",
       "      <td>0.19361</td>\n",
       "      <td>0.804323</td>\n",
       "      <td>0.280017</td>\n",
       "      <td>-0.0140382</td>\n",
       "      <td>0.534078</td>\n",
       "      <td>0.0614598</td>\n",
       "      <td>0.144903</td>\n",
       "      <td>0.430896</td>\n",
       "      <td>1</td>\n",
       "      <td>-0.0477957</td>\n",
       "      <td>0.763648</td>\n",
       "      <td>0.148658</td>\n",
       "      <td>0.20392</td>\n",
       "      <td>0.387765</td>\n",
       "      <td>0.00043947</td>\n",
       "      <td>0.733524</td>\n",
       "    </tr>\n",
       "    <tr>\n",
       "      <th>KEGG</th>\n",
       "      <td>-0.0124435</td>\n",
       "      <td>-0.0410199</td>\n",
       "      <td>-0.0400851</td>\n",
       "      <td>-0.0154969</td>\n",
       "      <td>-0.0335136</td>\n",
       "      <td>0.00382648</td>\n",
       "      <td>0.00673166</td>\n",
       "      <td>-0.0612709</td>\n",
       "      <td>-0.0477957</td>\n",
       "      <td>1</td>\n",
       "      <td>-0.0250974</td>\n",
       "      <td>0.00332008</td>\n",
       "      <td>-0.0609727</td>\n",
       "      <td>-0.021856</td>\n",
       "      <td>-0.0203414</td>\n",
       "      <td>-0.0270261</td>\n",
       "    </tr>\n",
       "    <tr>\n",
       "      <th>MultiNet</th>\n",
       "      <td>0.162239</td>\n",
       "      <td>0.727824</td>\n",
       "      <td>0.233718</td>\n",
       "      <td>-0.0139066</td>\n",
       "      <td>0.459856</td>\n",
       "      <td>0.0546501</td>\n",
       "      <td>0.274703</td>\n",
       "      <td>0.32455</td>\n",
       "      <td>0.763648</td>\n",
       "      <td>-0.0250974</td>\n",
       "      <td>1</td>\n",
       "      <td>0.155699</td>\n",
       "      <td>0.16721</td>\n",
       "      <td>0.293188</td>\n",
       "      <td>-0.00206888</td>\n",
       "      <td>0.614931</td>\n",
       "    </tr>\n",
       "    <tr>\n",
       "      <th>NBSPaper</th>\n",
       "      <td>0.502217</td>\n",
       "      <td>0.0983581</td>\n",
       "      <td>0.107189</td>\n",
       "      <td>0.00310409</td>\n",
       "      <td>0.32931</td>\n",
       "      <td>0.509989</td>\n",
       "      <td>0.472785</td>\n",
       "      <td>0.220715</td>\n",
       "      <td>0.148658</td>\n",
       "      <td>0.00332008</td>\n",
       "      <td>0.155699</td>\n",
       "      <td>1</td>\n",
       "      <td>0.0679602</td>\n",
       "      <td>0.223045</td>\n",
       "      <td>-0.0169437</td>\n",
       "      <td>0.20921</td>\n",
       "    </tr>\n",
       "    <tr>\n",
       "      <th>PathwayCommons</th>\n",
       "      <td>0.0641799</td>\n",
       "      <td>0.191646</td>\n",
       "      <td>0.429416</td>\n",
       "      <td>-0.0155519</td>\n",
       "      <td>0.0743903</td>\n",
       "      <td>0.0424104</td>\n",
       "      <td>0.110416</td>\n",
       "      <td>0.402096</td>\n",
       "      <td>0.20392</td>\n",
       "      <td>-0.0609727</td>\n",
       "      <td>0.16721</td>\n",
       "      <td>0.0679602</td>\n",
       "      <td>1</td>\n",
       "      <td>0.310468</td>\n",
       "      <td>-0.0200037</td>\n",
       "      <td>0.114314</td>\n",
       "    </tr>\n",
       "    <tr>\n",
       "      <th>Reactome-FIs</th>\n",
       "      <td>0.24785</td>\n",
       "      <td>0.308801</td>\n",
       "      <td>0.548429</td>\n",
       "      <td>-0.0153041</td>\n",
       "      <td>0.180524</td>\n",
       "      <td>0.151202</td>\n",
       "      <td>0.275721</td>\n",
       "      <td>0.654131</td>\n",
       "      <td>0.387765</td>\n",
       "      <td>-0.021856</td>\n",
       "      <td>0.293188</td>\n",
       "      <td>0.223045</td>\n",
       "      <td>0.310468</td>\n",
       "      <td>1</td>\n",
       "      <td>-0.0199267</td>\n",
       "      <td>0.237735</td>\n",
       "    </tr>\n",
       "    <tr>\n",
       "      <th>STRING</th>\n",
       "      <td>0.0405209</td>\n",
       "      <td>0.0197537</td>\n",
